2 7
3 5
11 19
13 37
41 43
61 71
83 97
137 251
419 541
691 733
877 997
1229 1627
1453 2053
3659 5953
7001 8059
10009 11317
24317 42829
71849 92809
102953 104717
202409 300779
601093 700717
900143 939847
1001431 1116257
1897009 1905923
3001643 4002893
6038843 6993781
9003221 9003647
10000019 10000247
45102767 45103147
61306417 71104547
79004687 79011113
91605737 93605789
100711409 100711423
303407171 303415157
515300563 517249819
791249419 813852733
900851639 999124547
1000000007 1000007927
1930143409 1930150577
3080144773 3080149271
5292142787 5292142787
8892145177 8892147371
3 1000847
17 1384699
43 100003243
71 1000003577
83 3240829181
263 3240831953
691 5870830529
1103 6132831161
3217 6132833227
14741 7132831207
66791 8972833679
